10000003
10018959
10022251
10041843
10050880
10054252
10056642
10057459
10057628
10057831
10058704
10063141
10063888
10065550
10072962
10074541
10074956
10079654
10082191
10084284
10085051
10085389
10086450
10086635
10086875
10087342
10087538
10087669
10087883
10088047
10088441
10088480
10088482
10088483
10505807
10506319
10506453
10507580
10508731
10509141
10509173
10509292
11000002
11000131
11000154
11004257
11018046
11019946
11020118
11500322
11500451
11504099
11504827
11505429
11505581
11507667
11512044
11512074
11514849
11515033
11515350
11515742
11516110
11518065
11518517
11519234
12000763
12001174
12001630
12002471
12003064
12004178
12007996
12008086
12008793
12008981
12010947
12011079
12011261
12012410
12012714
12012717
12012722
12012729
12012734
12012737
12501037
12501392
12501570
12505345
12506067
12506276
12509466
12509753
12509988
12510301
12510834
12511957
12513371
12513427
12515029
12515097
12515477
12516292
12518102
12518558
12518690
12518980
12519363
12519395
12519396
12519637
12519783
12519895
12519896
12519939
12520022
12520041
12520045
13000125
13000577
13000759
13003026
13003343
13004076
13006599
13009365
13009884
13011067
13011510
13014666
13015458
13016421
13017540
13017867
13018747
13019276
13020603
13020908
13020909
13500880
13504521
13516451
14000601
14000886
14001587
14002340
14003232
14004365
14007500
14008847
14009278
14012341
14014352
14014818
14015672
14021153
14021188
14501370
14503152
14503177
14504978
14505187
14505540
14505724
14506040
14506248
14507146
14507570
14508709
14513350
14514397
14514992
14515981
14516153
14516196
14516676
14517298
14517633
14517760
14518392
14518434
14518466
14518507
14518509
15001334
15002146
15005014
15005398
15006016
15007226
15008981
15012705
15014031
15015149
15016038
15016124
15016125
15016161
15502065
15503874
15504136
15504692
15505445
15505796
15506426
15506697
15506896
15509204
15510368
15514148
15516515
15520150
15520347
15520350
15520357
15520380
15520386
16000228
16002529
16004237
16004285
16006463
16008581
16009101
16011666
16014745
16017030
16017302
16017822
16502465
16506668
16511050
16512015
16513192
16517560
16517837
16517950
16517993
16518023
16518067
16518069
16518097
17018489
17500179
17501140
17518275
17518308
17518375
18009271
18010043
18011829
18016633
18016636
18513706
18518486
19000379
19008282
19011523
19021558
19021649
19518965
19521000
19521161
20000128
20000543
20009324
20009977
20013333
20020669
20500554
20502003
20503915
20505755
20506472
20507327
20507483
20507836
20509303
20512548
20516362
20520928
20521041
20521042
21001504
21008446
21015019
21018662
21018705
21020587
21020616
21020623
21502591
21503190
21508070
21520701
21520737
21521010
21521738
21521973
21522069
21522265
21522292
21522310
21522393
21522396
22000583
22001832
22002064
22003192
22003362
22006435
22007741
22015174
22017456
22020022
22020640
22501143
22505239
22507194
22509911
22510101
22510207
22510853
22514213
22514428
22515328
22515329
22516823
22516839
22516857
22516858
22516861
22516874
22516918
23000562
23008147
23008295
23008614
23008650
23009402
23012638
23013708
23013763
23016501
23016557
23500020
23502906
23508426
23508716
23509764
23510621
23511794
23512075
23514779
23516045
23519019
23519597
23519769
23519935
24000598
24002855
24003141
24003190
24004378
24007527
24009683
24010959
24011257
24014370
24017327
24018064
24018082
24018091
24500671
24501414
24503758
24506138
24506411
24507204
24508920
24509046
24510247
24511814
24512904
24515925
24516165
24517557
24518436
24518819
24519282
24519949
24519966
24520002
24520009
25003294
25005426
25009476
25010796
25010800
25011688
25013672
25014057
25014464
25015077
25015687
25017385
25017430
25017431
25500437
25501348
25503392
25503789
25504065
25504134
25504170
25504683
25507474
25509359
25509422
25510343
25512220
25512940
25515532
25515767
25515921
25515944
25516220
25516223
25516226
25516262
26001949
26002438
26003255
26003392
26006603
26009148
26013073
26016259
26017031
26017061
26017094
26500098
26503373
26503595
26504071
26505380
26507511
26507826
26508380
26510517
26510824
26513996
26518240
26518517
26518540
27000168
27000866
27008233
27009110
27009153
27009541
27012807
27012982
27016661
27017112
27500311
27500622
27503910
27503968
27505465
27507115
27507180
27508086
27510438
27512148
27513251
27516564
27517095
27517252
27517550
28000165
28000429
28007258
28010003
28011951
28014731
28016202
28016680
28502260
28504364
28504955
28505014
28507747
29007629
29504099
29504739
29508573
29509987
29511688
29513935
29514186
30002384
30005546
30007109
30009469
30011363
30015383
30017583
30017887
30501034
30504990
30505181
30505380
30505977
30507387
30507603
30509586
30510395
30516382
30517684
30518052
30518322
30518573
31003459
31005089
31008174
31008604
31012681
31016379
31502788
31503229
31503282
31507764
31510206
31510521
31510644
31512892
31514521
31516044
31516078
31516154
31516164
32002341
32003256
32004219
32007888
32008503
32008608
32009340
32010738
32011946
32013012
32013803
32014089
32015365
32015382
32015643
32015976
32016015
32016168
32016252
32016257
32016339
32016382
32016423
32016450
32016455
32016510
32016511
32016512
32016531
32016590
32016593
32016649
32016658
32016659
32016666
32016667
32016668
32501095
32501103
32501938
32504813
32508387
32513581
32514891
32515424
32515430
32515470
32515473
32515987
33001467
33005772
33009571
33012122
33014486
33015283
33016351
33016867
33016877
33016878
33016881
33016961
33016974
33016979
33016980
33500464
33501725
33507742
33510916
33510947
33512421
33513451
33514228
33516680
33516689
33516775
34001943
34002365
34002746
34003554
34004239
34004346
34004386
34006627
34009391
34009542
34010008
34013367
34013591
34014178
34016568
34016688
34016709
34016731
34016753
34016754
34016761
34016796
34016923
34016951
34016993
34017056
34017063
34017117
34017132
34506298
34508349
34510995
34512541
34513632
34514929
34515673
34516218
34517016
34517619
34517698
34517778
34517796
34517806
34517815
34517858
34517875
34517886
34517888
34517898
34517979
34517985
35003320
35004531
35005872
35006529
35008195
35009837
35011833
35011858
35014200
35016744
35016755
35016761
35501038
35501126
35503187
35503236
35505889
35506504
35509553
35509822
35509925
35511280
35515282
35516424
35516438
35516698
35516703
35516711
35516721
35516734
35516793
35516802
36000289
36000973
36001474
36001994
36002657
36007934
36008823
36008951
36010829
36014854
36015659
36015828
36016118
36016924
36017352
36017353
36017354
36017421
36500641
36501066
36501717
36502935
36503231
36503307
36503322
36503381
36504072
36507982
36509465
36509598
36510541
36513570
36515301
36516376
36516531
36516542
36516573
36516796
36516856
36516928
36516961
36516962
36516963
36517021
37004713
37005354
37006965
37011013
37012012
37015568
37015607
37017031
37017394
37017437
37017584
37017877
37017882
37504222
37516858
37520391
37520798
37524858
37525154
37525858
37526010
37526012
37526013
38002810
38006430
38007921
38011352
38011447
38011450
38015502
38015802
38016234
38500529
38503463
38503505
38503764
38504089
38509856
38511236
38511565
38512479
38515167
38515700
38515754
38515755
38515756
38515757
38515768
38515786
38515789
38515797
39001500
39003263
39007141
39008570
39009059
39012545
39015042
39015081
39015334
39015345
39015354
39015434
39015458
39015467
39015486
39015487
39015493
39500245
39501412
39501510
39501943
39503250
39503272
39504144
39505983
39507727
39511881
39513848
39514672
39515110
39515711
39516688
39516727
40000076
40008901
40011814
40012806
40014188
40016406
40017179
40500926
40502902
40503543
40506769
40508420
40508474
40508615
40509427
40510473
40514101
40514134
40516153
40517140
41001347
41001397
41001580
41002084
41003540
41003677
41004457
41005216
41011509
41015660
41015791
41016002
41016712
41018165
41018191
41018225
41018341
41500575
41500824
41501068
41501592
41506430
41510803
41513487
41515208
41515672
41516450
41517038
41517039
41517041
41517043
41517064
42002813
42008273
42008416
42008450
42008698
42010317
42010408
42012789
42014759
42014986
42016054
42016060
42016103
42503278
42503349
42505312
42508092
42508575
42509182
42509739
42515128
42515922
42515953
42515970
